0, 0, 1, 0, 2, 1, 2, 0, 
3, 3, 4, 1, 5, 2, 3, 0, 
4, 6, 7, 4, 8, 5, 6, 1, 
9, 7, 8, 2, 9, 3, 4, 9624, 
5, 10, 11, 10, 12, 11, 12, 5, 
13, 13, 14, 6, 15, 7, 8, 1, 
14, 16, 17, 9, 18, 10, 11, 2, 
19, 12, 13, 3, 14, 4, 9625, 9625, 
6, 15, 16, 20, 17, 21, 22, 15, 
18, 23, 24, 16, 25, 17, 18, 6, 
19, 26, 27, 19, 28, 20, 21, 7, 
29, 22, 23, 8, 24, 9, 10, 9624, 
20, 30, 31, 25, 32, 26, 27, 11, 
33, 28, 29, 12, 30, 13, 14, 14, 
34, 31, 32, 15, 33, 16, 17, 17, 
34, 18, 19, 19, 9626, 9626, 9626, 9626, 
7, 21, 22, 35, 23, 36, 37, 35, 
24, 38, 39, 36, 40, 37, 38, 21, 
25, 41, 42, 39, 43, 40, 41, 22, 
44, 42, 43, 23, 44, 24, 25, 9624, 
26, 45, 46, 45, 47, 46, 47, 26, 
48, 48, 49, 27, 50, 28, 29, 29, 
49, 51, 52, 30, 53, 31, 32, 32, 
54, 33, 34, 34, 35, 35, 9625, 9625, 
27, 50, 51, 55, 52, 56, 57, 36, 
53, 58, 59, 37, 60, 38, 39, 39, 
54, 61, 62, 40, 63, 41, 42, 42, 
64, 43, 44, 44, 45, 45, 45, 9624, 
55, 65, 66, 46, 67, 47, 48, 48, 
68, 49, 50, 50, 51, 51, 51, 51, 
69, 52, 53, 53, 54, 54, 54, 54, 
9627, 9627, 9627, 9627, 9627, 9627, 9627, 9627, 
8, 28, 29, 56, 30, 57, 58, 70, 
31, 59, 60, 71, 61, 72, 73, 56, 
32, 62, 63, 74, 64, 75, 76, 57, 
65, 77, 78, 58, 79, 59, 60, 9624, 
33, 66, 67, 80, 68, 81, 82, 61, 
69, 83, 84, 62, 85, 63, 64, 64, 
70, 86, 87, 65, 88, 66, 67, 67, 
89, 68, 69, 69, 70, 70, 9625, 9625, 
34, 71, 72, 90, 73, 91, 92, 71, 
74, 93, 94, 72, 95, 73, 74, 74, 
75, 96, 97, 75, 98, 76, 77, 77, 
99, 78, 79, 79, 80, 80, 80, 9624, 
76, 100, 101, 81, 102, 82, 83, 83, 
103, 84, 85, 85, 86, 86, 86, 86, 
104, 87, 88, 88, 89, 89, 89, 89, 
90, 90, 90, 90, 9626, 9626, 9626, 9626, 
35, 77, 78, 105, 79, 106, 107, 91, 
80, 108, 109, 92, 110, 93, 94, 94, 
81, 111, 112, 95, 113, 96, 97, 97, 
114, 98, 99, 99, 100, 100, 100, 9624, 
82, 115, 116, 101, 117, 102, 103, 103, 
118, 104, 105, 105, 106, 106, 106, 106, 
119, 107, 108, 108, 109, 109, 109, 109, 
110, 110, 110, 110, 110, 110, 9625, 9625, 
83, 120, 121, 111, 122, 112, 113, 113, 
123, 114, 115, 115, 116, 116, 116, 116, 
124, 117, 118, 118, 119, 119, 119, 119, 
120, 120, 120, 120, 120, 120, 120, 9624, 
125, 121, 122, 122, 123, 123, 123, 123, 
124, 124, 124, 124, 124, 124, 124, 124, 
9628, 9628, 9628, 9628, 9628, 9628, 9628, 9628, 
9628, 9628, 9628, 9628, 9628, 9628, 9628, 9628, 
9, 36, 37, 84, 38, 85, 86, 126, 
39, 87, 88, 127, 89, 128, 129, 126, 
40, 90, 91, 130, 92, 131, 132, 127, 
93, 133, 134, 128, 135, 129, 130, 9624, 
41, 94, 95, 136, 96, 137, 138, 131, 
97, 139, 140, 132, 141, 133, 134, 134, 
98, 142, 143, 135, 144, 136, 137, 137, 
145, 138, 139, 139, 140, 140, 9625, 9625, 
42, 99, 100, 146, 101, 147, 148, 141, 
102, 149, 150, 142, 151, 143, 144, 144, 
103, 152, 153, 145, 154, 146, 147, 147, 
155, 148, 149, 149, 150, 150, 150, 9624, 
104, 156, 157, 151, 158, 152, 153, 153, 
159, 154, 155, 155, 156, 156, 156, 156, 
160, 157, 158, 158, 159, 159, 159, 159, 
160, 160, 160, 160, 9626, 9626, 9626, 9626, 
43, 105, 106, 161, 107, 162, 163, 161, 
108, 164, 165, 162, 166, 163, 164, 164, 
109, 167, 168, 165, 169, 166, 167, 167, 
170, 168, 169, 169, 170, 170, 170, 9624, 
110, 171, 172, 171, 173, 172, 173, 173, 
174, 174, 175, 175, 176, 176, 176, 176, 
175, 177, 178, 178, 179, 179, 179, 179, 
180, 180, 180, 180, 180, 180, 9625, 9625, 
111, 176, 177, 181, 178, 182, 183, 183, 
179, 184, 185, 185, 186, 186, 186, 186, 
180, 187, 188, 188, 189, 189, 189, 189, 
190, 190, 190, 190, 190, 190, 190, 9624, 
181, 191, 192, 192, 193, 193, 193, 193, 
194, 194, 194, 194, 194, 194, 194, 194, 
195, 195, 195, 195, 195, 195, 195, 195, 
9627, 9627, 9627, 9627, 9627, 9627, 9627, 9627, 
44, 112, 113, 182, 114, 183, 184, 196, 
115, 185, 186, 197, 187, 198, 199, 199, 
116, 188, 189, 200, 190, 201, 202, 202, 
191, 203, 204, 204, 205, 205, 205, 9624, 
117, 192, 193, 206, 194, 207, 208, 208, 
195, 209, 210, 210, 211, 211, 211, 211, 
196, 212, 213, 213, 214, 214, 214, 214, 
215, 215, 215, 215, 215, 215, 9625, 9625, 
118, 197, 198, 216, 199, 217, 218, 218, 
200, 219, 220, 220, 221, 221, 221, 221, 
201, 222, 223, 223, 224, 224, 224, 224, 
225, 225, 225, 225, 225, 225, 225, 9624, 
202, 226, 227, 227, 228, 228, 228, 228, 
229, 229, 229, 229, 229, 229, 229, 229, 
230, 230, 230, 230, 230, 230, 230, 230, 
230, 230, 230, 230, 9626, 9626, 9626, 9626, 
119, 203, 204, 231, 205, 232, 233, 233, 
206, 234, 235, 235, 236, 236, 236, 236, 
207, 237, 238, 238, 239, 239, 239, 239, 
240, 240, 240, 240, 240, 240, 240, 9624, 
208, 241, 242, 242, 243, 243, 243, 243, 
244, 244, 244, 244, 244, 244, 244, 244, 
245, 245, 245, 245, 245, 245, 245, 245, 
245, 245, 245, 245, 245, 245, 9625, 9625, 
209, 246, 247, 247, 248, 248, 248, 248, 
249, 249, 249, 249, 249, 249, 249, 249, 
250, 250, 250, 250, 250, 250, 250, 250, 
250, 250, 250, 250, 250, 250, 250, 9624, 
9629, 9629, 9629, 9629, 9629, 9629, 9629, 9629, 
9629, 9629, 9629, 9629, 9629, 9629, 9629, 9629, 
9629, 9629, 9629, 9629, 9629, 9629, 9629, 9629, 
9629, 9629, 9629, 9629, 9629, 9629, 9629, 9629, 
10, 45, 46, 120, 47, 121, 122, 210, 
48, 123, 124, 211, 125, 212, 213, 252, 
49, 126, 127, 214, 128, 215, 216, 253, 
129, 217, 218, 254, 219, 255, 256, 9624, 
50, 130, 131, 220, 132, 221, 222, 257, 
133, 223, 224, 258, 225, 259, 260, 260, 
134, 226, 227, 261, 228, 262, 263, 263, 
229, 264, 265, 265, 266, 266, 9625, 9625, 
51, 135, 136, 230, 137, 231, 232, 267, 
138, 233, 234, 268, 235, 269, 270, 270, 
139, 236, 237, 271, 238, 272, 273, 273, 
239, 274, 275, 275, 276, 276, 276, 9624, 
140, 240, 241, 277, 242, 278, 279, 279, 
243, 280, 281, 281, 282, 282, 282, 282, 
244, 283, 284, 284, 285, 285, 285, 285, 
286, 286, 286, 286, 9626, 9626, 9626, 9626, 
52, 141, 142, 245, 143, 246, 247, 287, 
144, 248, 249, 288, 250, 289, 290, 290, 
145, 251, 252, 291, 253, 292, 293, 293, 
254, 294, 295, 295, 296, 296, 296, 9624, 
146, 255, 256, 297, 257, 298, 299, 299, 
258, 300, 301, 301, 302, 302, 302, 302, 
259, 303, 304, 304, 305, 305, 305, 305, 
306, 306, 306, 306, 306, 306, 9625, 9625, 
147, 260, 261, 307, 262, 308, 309, 309, 
263, 310, 311, 311, 312, 312, 312, 312, 
264, 313, 314, 314, 315, 315, 315, 315, 
316, 316, 316, 316, 316, 316, 316, 9624, 
265, 317, 318, 318, 319, 319, 319, 319, 
320, 320, 320, 320, 320, 320, 320, 320, 
321, 321, 321, 321, 321, 321, 321, 321, 
9627, 9627, 9627, 9627, 9627, 9627, 9627, 9627, 
53, 148, 149, 266, 150, 267, 268, 322, 
151, 269, 270, 323, 271, 324, 325, 325, 
152, 272, 273, 326, 274, 327, 328, 328, 
275, 329, 330, 330, 331, 331, 331, 9624, 
153, 276, 277, 332, 278, 333, 334, 334, 
279, 335, 336, 336, 337, 337, 337, 337, 
280, 338, 339, 339, 340, 340, 340, 340, 
341, 341, 341, 341, 341, 341, 9625, 9625, 
154, 281, 282, 342, 283, 343, 344, 344, 
284, 345, 346, 346, 347, 347, 347, 347, 
285, 348, 349, 349, 350, 350, 350, 350, 
351, 351, 351, 351, 351, 351, 351, 9624, 
286, 352, 353, 353, 354, 354, 354, 354, 
355, 355, 355, 355, 355, 355, 355, 355, 
356, 356, 356, 356, 356, 356, 356, 356, 
356, 356, 356, 356, 9626, 9626, 9626, 9626, 
155, 287, 288, 357, 289, 358, 359, 359, 
290, 360, 361, 361, 362, 362, 362, 362, 
291, 363, 364, 364, 365, 365, 365, 365, 
366, 366, 366, 366, 366, 366, 366, 9624, 
292, 367, 368, 368, 369, 369, 369, 369, 
370, 370, 370, 370, 370, 370, 370, 370, 
371, 371, 371, 371, 371, 371, 371, 371, 
371, 371, 371, 371, 371, 371, 9625, 9625, 
293, 372, 373, 373, 374, 374, 374, 374, 
375, 375, 375, 375, 375, 375, 375, 375, 
376, 376, 376, 376, 376, 376, 376, 376, 
376, 376, 376, 376, 376, 376, 376, 9624, 
377, 377, 377, 377, 377, 377, 377, 377, 
377, 377, 377, 377, 377, 377, 377, 377, 
9628, 9628, 9628, 9628, 9628, 9628, 9628, 9628, 
9628, 9628, 9628, 9628, 9628, 9628, 9628, 9628, 
54, 156, 157, 294, 158, 295, 296, 378, 
159, 297, 298, 379, 299, 380, 381, 381, 
160, 300, 301, 382, 302, 383, 384, 384, 
303, 385, 386, 386, 387, 387, 387, 9624, 
161, 304, 305, 388, 306, 389, 390, 390, 
307, 391, 392, 392, 393, 393, 393, 393, 
308, 394, 395, 395, 396, 396, 396, 396, 
397, 397, 397, 397, 397, 397, 9625, 9625, 
162, 309, 310, 398, 311, 399, 400, 400, 
312, 401, 402, 402, 403, 403, 403, 403, 
313, 404, 405, 405, 406, 406, 406, 406, 
407, 407, 407, 407, 407, 407, 407, 9624, 
314, 408, 409, 409, 410, 410, 410, 410, 
411, 411, 411, 411, 411, 411, 411, 411, 
412, 412, 412, 412, 412, 412, 412, 412, 
412, 412, 412, 412, 9626, 9626, 9626, 9626, 
163, 315, 316, 413, 317, 414, 415, 415, 
318, 416, 417, 417, 418, 418, 418, 418, 
319, 419, 420, 420, 421, 421, 421, 421, 
422, 422, 422, 422, 422, 422, 422, 9624, 
320, 423, 424, 424, 425, 425, 425, 425, 
426, 426, 426, 426, 426, 426, 426, 426, 
427, 427, 427, 427, 427, 427, 427, 427, 
427, 427, 427, 427, 427, 427, 9625, 9625, 
321, 428, 429, 429, 430, 430, 430, 430, 
431, 431, 431, 431, 431, 431, 431, 431, 
432, 432, 432, 432, 432, 432, 432, 432, 
432, 432, 432, 432, 432, 432, 432, 9624, 
433, 433, 433, 433, 433, 433, 433, 433, 
433, 433, 433, 433, 433, 433, 433, 433, 
433, 433, 433, 433, 433, 433, 433, 433, 
9627, 9627, 9627, 9627, 9627, 9627, 9627, 9627, 
164, 322, 323, 434, 324, 435, 436, 436, 
325, 437, 438, 438, 439, 439, 439, 439, 
326, 440, 441, 441, 442, 442, 442, 442, 
443, 443, 443, 443, 443, 443, 443, 9624, 
327, 444, 445, 445, 446, 446, 446, 446, 
447, 447, 447, 447, 447, 447, 447, 447, 
448, 448, 448, 448, 448, 448, 448, 448, 
448, 448, 448, 448, 448, 448, 9625, 9625, 
328, 449, 450, 450, 451, 451, 451, 451, 
452, 452, 452, 452, 452, 452, 452, 452, 
453, 453, 453, 453, 453, 453, 453, 453, 
453, 453, 453, 453, 453, 453, 453, 9624, 
454, 454, 454, 454, 454, 454, 454, 454, 
454, 454, 454, 454, 454, 454, 454, 454, 
454, 454, 454, 454, 454, 454, 454, 454, 
454, 454, 454, 454, 9626, 9626, 9626, 9626, 
329, 455, 456, 456, 457, 457, 457, 457, 
458, 458, 458, 458, 458, 458, 458, 458, 
459, 459, 459, 459, 459, 459, 459, 459, 
459, 459, 459, 459, 459, 459, 459, 9624, 
460, 460, 460, 460, 460, 460, 460, 460, 
460, 460, 460, 460, 460, 460, 460, 460, 
460, 460, 460, 460, 460, 460, 460, 460, 
460, 460, 460, 460, 460, 460, 9625, 9625, 
9630, 9630, 9630, 9630, 9630, 9630, 9630, 9630, 
9630, 9630, 9630, 9630, 9630, 9630, 9630, 9630, 
9630, 9630, 9630, 9630, 9630, 9630, 9630, 9630, 
9630, 9630, 9630, 9630, 9630, 9630, 9630, 9630, 
9630, 9630, 9630, 9630, 9630, 9630, 9630, 9630, 
9630, 9630, 9630, 9630, 9630, 9630, 9630, 9630, 
9630, 9630, 9630, 9630, 9630, 9630, 9630, 9630, 
9630, 9630, 9630, 9630, 9630, 9630, 9630, 9630, 
11, 55, 56, 165, 57, 166, 167, 330, 
58, 168, 169, 331, 170, 332, 333, 462, 
59, 171, 172, 334, 173, 335, 336, 463, 
174, 337, 338, 464, 339, 465, 466, 9624, 
60, 175, 176, 340, 177, 341, 342, 467, 
178, 343, 344, 468, 345, 469, 470, 470, 
179, 346, 347, 471, 348, 472, 473, 473, 
349, 474, 475, 475, 476, 476, 9625, 9625, 
61, 180, 181, 350, 182, 351, 352, 477, 
183, 353, 354, 478, 355, 479, 480, 480, 
184, 356, 357, 481, 358, 482, 483, 483, 
359, 484, 485, 485, 486, 486, 486, 9624, 
185, 360, 361, 487, 362, 488, 489, 489, 
363, 490, 491, 491, 492, 492, 492, 492, 
364, 493, 494, 494, 495, 495, 495, 495, 
496, 496, 496, 496, 9626, 9626, 9626, 9626, 
62, 186, 187, 365, 188, 366, 367, 497, 
189, 368, 369, 498, 370, 499, 500, 500, 
190, 371, 372, 501, 373, 502, 503, 503, 
374, 504, 505, 505, 506, 506, 506, 9624, 
191, 375, 376, 507, 377, 508, 509, 509, 
378, 510, 511, 511, 512, 512, 512, 512, 
379, 513, 514, 514, 515, 515, 515, 515, 
516, 516, 516, 516, 516, 516, 9625, 9625, 
192, 380, 381, 517, 382, 518, 519, 519, 
383, 520, 521, 521, 522, 522, 522, 522, 
384, 523, 524, 524, 525, 525, 525, 525, 
526, 526, 526, 526, 526, 526, 526, 9624, 
385, 527, 528, 528, 529, 529, 529, 529, 
530, 530, 530, 530, 530, 530, 530, 530, 
531, 531, 531, 531, 531, 531, 531, 531, 
9627, 9627, 9627, 9627, 9627, 9627, 9627, 9627, 
63, 193, 194, 386, 195, 387, 388, 532, 
196, 389, 390, 533, 391, 534, 535, 535, 
197, 392, 393, 536, 394, 537, 538, 538, 
395, 539, 540, 540, 541, 541, 541, 9624, 
198, 396, 397, 542, 398, 543, 544, 544, 
399, 545, 546, 546, 547, 547, 547, 547, 
400, 548, 549, 549, 550, 550, 550, 550, 
551, 551, 551, 551, 551, 551, 9625, 9625, 
199, 401, 402, 552, 403, 553, 554, 554, 
404, 555, 556, 556, 557, 557, 557, 557, 
405, 558, 559, 559, 560, 560, 560, 560, 
561, 561, 561, 561, 561, 561, 561, 9624, 
406, 562, 563, 563, 564, 564, 564, 564, 
565, 565, 565, 565, 565, 565, 565, 565, 
566, 566, 566, 566, 566, 566, 566, 566, 
566, 566, 566, 566, 9626, 9626, 9626, 9626, 
200, 407, 408, 567, 409, 568, 569, 569, 
410, 570, 571, 571, 572, 572, 572, 572, 
411, 573, 574, 574, 575, 575, 575, 575, 
576, 576, 576, 576, 576, 576, 576, 9624, 
412, 577, 578, 578, 579, 579, 579, 579, 
580, 580, 580, 580, 580, 580, 580, 580, 
581, 581, 581, 581, 581, 581, 581, 581, 
581, 581, 581, 581, 581, 581, 9625, 9625, 
413, 582, 583, 583, 584, 584, 584, 584, 
585, 585, 585, 585, 585, 585, 585, 585, 
586, 586, 586, 586, 586, 586, 586, 586, 
586, 586, 586, 586, 586, 586, 586, 9624, 
587, 587, 587, 587, 587, 587, 587, 587, 
587, 587, 587, 587, 587, 587, 587, 587, 
9628, 9628, 9628, 9628, 9628, 9628, 9628, 9628, 
9628, 9628, 9628, 9628, 9628, 9628, 9628, 9628, 
64, 201, 202, 414, 203, 415, 416, 588, 
204, 417, 418, 589, 419, 590, 591, 591, 
205, 420, 421, 592, 422, 593, 594, 594, 
423, 595, 596, 596, 597, 597, 597, 9624, 
206, 424, 425, 598, 426, 599, 600, 600, 
427, 601, 602, 602, 603, 603, 603, 603, 
428, 604, 605, 605, 606, 606, 606, 606, 
607, 607, 607, 607, 607, 607, 9625, 9625, 
207, 429, 430, 608, 431, 609, 610, 610, 
432, 611, 612, 612, 613, 613, 613, 613, 
433, 614, 615, 615, 616, 616, 616, 616, 
617, 617, 617, 617, 617, 617, 617, 9624, 
434, 618, 619, 619, 620, 620, 620, 620, 
621, 621, 621, 621, 621, 621, 621, 621, 
622, 622, 622, 622, 622, 622, 622, 622, 
622, 622, 622, 622, 9626, 9626, 9626, 9626, 
208, 435, 436, 623, 437, 624, 625, 625, 
438, 626, 627, 627, 628, 628, 628, 628, 
439, 629, 630, 630, 631, 631, 631, 631, 
632, 632, 632, 632, 632, 632, 632, 9624, 
440, 633, 634, 634, 635, 635, 635, 635, 
636, 636, 636, 636, 636, 636, 636, 636, 
637, 637, 637, 637, 637, 637, 637, 637, 
637, 637, 637, 637, 637, 637, 9625, 9625, 
441, 638, 639, 639, 640, 640, 640, 640, 
641, 641, 641, 641, 641, 641, 641, 641, 
642, 642, 642, 642, 642, 642, 642, 642, 
642, 642, 642, 642, 642, 642, 642, 9624, 
643, 643, 643, 643, 643, 643, 643, 643, 
643, 643, 643, 643, 643, 643, 643, 643, 
643, 643, 643, 643, 643, 643, 643, 643, 
9627, 9627, 9627, 9627, 9627, 9627, 9627, 9627, 
209, 442, 443, 644, 444, 645, 646, 646, 
445, 647, 648, 648, 649, 649, 649, 649, 
446, 650, 651, 651, 652, 652, 652, 652, 
653, 653, 653, 653, 653, 653, 653, 9624, 
447, 654, 655, 655, 656, 656, 656, 656, 
657, 657, 657, 657, 657, 657, 657, 657, 
658, 658, 658, 658, 658, 658, 658, 658, 
658, 658, 658, 658, 658, 658, 9625, 9625, 
448, 659, 660, 660, 661, 661, 661, 661, 
662, 662, 662, 662, 662, 662, 662, 662, 
663, 663, 663, 663, 663, 663, 663, 663, 
663, 663, 663, 663, 663, 663, 663, 9624, 
664, 664, 664, 664, 664, 664, 664, 664, 
664, 664, 664, 664, 664, 664, 664, 664, 
664, 664, 664, 664, 664, 664, 664, 664, 
664, 664, 664, 664, 9626, 9626, 9626, 9626, 
449, 665, 666, 666, 667, 667, 667, 667, 
668, 668, 668, 668, 668, 668, 668, 668, 
669, 669, 669, 669, 669, 669, 669, 669, 
669, 669, 669, 669, 669, 669, 669, 9624, 
670, 670, 670, 670, 670, 670, 670, 670, 
670, 670, 670, 670, 670, 670, 670, 670, 
670, 670, 670, 670, 670, 670, 670, 670, 
670, 670, 670, 670, 670, 670, 9625, 9625, 
671, 671, 671, 671, 671, 671, 671, 671, 
671, 671, 671, 671, 671, 671, 671, 671, 
671, 671, 671, 671, 671, 671, 671, 671, 
671, 671, 671, 671, 671, 671, 671, 9624, 
9629, 9629, 9629, 9629, 9629, 9629, 9629, 9629, 
9629, 9629, 9629, 9629, 9629, 9629, 9629, 9629, 
9629, 9629, 9629, 9629, 9629, 9629, 9629, 9629, 
9629, 9629, 9629, 9629, 9629, 9629, 9629, 9629, 
65, 210, 211, 450, 212, 451, 452, 672, 
213, 453, 454, 673, 455, 674, 675, 675, 
214, 456, 457, 676, 458, 677, 678, 678, 
459, 679, 680, 680, 681, 681, 681, 9624, 
215, 460, 461, 682, 462, 683, 684, 684, 
463, 685, 686, 686, 687, 687, 687, 687, 
464, 688, 689, 689, 690, 690, 690, 690, 
691, 691, 691, 691, 691, 691, 9625, 9625, 
216, 465, 466, 692, 467, 693, 694, 694, 
468, 695, 696, 696, 697, 697, 697, 697, 
469, 698, 699, 699, 700, 700, 700, 700, 
701, 701, 701, 701, 701, 701, 701, 9624, 
470, 702, 703, 703, 704, 704, 704, 704, 
705, 705, 705, 705, 705, 705, 705, 705, 
706, 706, 706, 706, 706, 706, 706, 706, 
706, 706, 706, 706, 9626, 9626, 9626, 9626, 
217, 471, 472, 707, 473, 708, 709, 709, 
474, 710, 711, 711, 712, 712, 712, 712, 
475, 713, 714, 714, 715, 715, 715, 715, 
716, 716, 716, 716, 716, 716, 716, 9624, 
476, 717, 718, 718, 719, 719, 719, 719, 
720, 720, 720, 720, 720, 720, 720, 720, 
721, 721, 721, 721, 721, 721, 721, 721, 
721, 721, 721, 721, 721, 721, 9625, 9625, 
477, 722, 723, 723, 724, 724, 724, 724, 
725, 725, 725, 725, 725, 725, 725, 725, 
726, 726, 726, 726, 726, 726, 726, 726, 
726, 726, 726, 726, 726, 726, 726, 9624, 
727, 727, 727, 727, 727, 727, 727, 727, 
727, 727, 727, 727, 727, 727, 727, 727, 
727, 727, 727, 727, 727, 727, 727, 727, 
9627, 9627, 9627, 9627, 9627, 9627, 9627, 9627, 
218, 478, 479, 728, 480, 729, 730, 730, 
481, 731, 732, 732, 733, 733, 733, 733, 
482, 734, 735, 735, 736, 736, 736, 736, 
737, 737, 737, 737, 737, 737, 737, 9624, 
483, 738, 739, 739, 740, 740, 740, 740, 
741, 741, 741, 741, 741, 741, 741, 741, 
742, 742, 742, 742, 742, 742, 742, 742, 
742, 742, 742, 742, 742, 742, 9625, 9625, 
484, 743, 744, 744, 745, 745, 745, 745, 
746, 746, 746, 746, 746, 746, 746, 746, 
747, 747, 747, 747, 747, 747, 747, 747, 
747, 747, 747, 747, 747, 747, 747, 9624, 
748, 748, 748, 748, 748, 748, 748, 748, 
748, 748, 748, 748, 748, 748, 748, 748, 
748, 748, 748, 748, 748, 748, 748, 748, 
748, 748, 748, 748, 9626, 9626, 9626, 9626, 
485, 749, 750, 750, 751, 751, 751, 751, 
752, 752, 752, 752, 752, 752, 752, 752, 
753, 753, 753, 753, 753, 753, 753, 753, 
753, 753, 753, 753, 753, 753, 753, 9624, 
754, 754, 754, 754, 754, 754, 754, 754, 
754, 754, 754, 754, 754, 754, 754, 754, 
754, 754, 754, 754, 754, 754, 754, 754, 
754, 754, 754, 754, 754, 754, 9625, 9625, 
755, 755, 755, 755, 755, 755, 755, 755, 
755, 755, 755, 755, 755, 755, 755, 755, 
755, 755, 755, 755, 755, 755, 755, 755, 
755, 755, 755, 755, 755, 755, 755, 9624, 
755, 755, 755, 755, 755, 755, 755, 755, 
755, 755, 755, 755, 755, 755, 755, 755, 
9628, 9628, 9628, 9628, 9628, 9628, 9628, 9628, 
9628, 9628, 9628, 9628, 9628, 9628, 9628, 9628, 
219, 486, 487, 756, 488, 757, 758, 758, 
489, 759, 760, 760, 761, 761, 761, 761, 
490, 762, 763, 763, 764, 764, 764, 764, 
765, 765, 765, 765, 765, 765, 765, 9624, 
491, 766, 767, 767, 768, 768, 768, 768, 
769, 769, 769, 769, 769, 769, 769, 769, 
770, 770, 770, 770, 770, 770, 770, 770, 
770, 770, 770, 770, 770, 770, 9625, 9625, 
492, 771, 772, 772, 773, 773, 773, 773, 
774, 774, 774, 774, 774, 774, 774, 774, 
775, 775, 775, 775, 775, 775, 775, 775, 
775, 775, 775, 775, 775, 775, 775, 9624, 
776, 776, 776, 776, 776, 776, 776, 776, 
776, 776, 776, 776, 776, 776, 776, 776, 
776, 776, 776, 776, 776, 776, 776, 776, 
776, 776, 776, 776, 9626, 9626, 9626, 9626, 
493, 777, 778, 778, 779, 779, 779, 779, 
780, 780, 780, 780, 780, 780, 780, 780, 
781, 781, 781, 781, 781, 781, 781, 781, 
781, 781, 781, 781, 781, 781, 781, 9624, 
782, 782, 782, 782, 782, 782, 782, 782, 
782, 782, 782, 782, 782, 782, 782, 782, 
782, 782, 782, 782, 782, 782, 782, 782, 
782, 782, 782, 782, 782, 782, 9625, 9625, 
783, 783, 783, 783, 783, 783, 783, 783, 
783, 783, 783, 783, 783, 783, 783, 783, 
783, 783, 783, 783, 783, 783, 783, 783, 
783, 783, 783, 783, 783, 783, 783, 9624, 
783, 783, 783, 783, 783, 783, 783, 783, 
783, 783, 783, 783, 783, 783, 783, 783, 
783, 783, 783, 783, 783, 783, 783, 783, 
9627, 9627, 9627, 9627, 9627, 9627, 9627, 9627, 
494, 784, 785, 785, 786, 786, 786, 786, 
787, 787, 787, 787, 787, 787, 787, 787, 
788, 788, 788, 788, 788, 788, 788, 788, 
788, 788, 788, 788, 788, 788, 788, 9624, 
789, 789, 789, 789, 789, 789, 789, 789, 
789, 789, 789, 789, 789, 789, 789, 789, 
789, 789, 789, 789, 789, 789, 789, 789, 
789, 789, 789, 789, 789, 789, 9625, 9625, 
790, 790, 790, 790, 790, 790, 790, 790, 
790, 790, 790, 790, 790, 790, 790, 790, 
790, 790, 790, 790, 790, 790, 790, 790, 
790, 790, 790, 790, 790, 790, 790, 9624, 
790, 790, 790, 790, 790, 790, 790, 790, 
790, 790, 790, 790, 790, 790, 790, 790, 
790, 790, 790, 790, 790, 790, 790, 790, 
790, 790, 790, 790, 9626, 9626, 9626, 9626, 
9631, 9631, 9631, 9631, 9631, 9631, 9631, 9631, 
9631, 9631, 9631, 9631, 9631, 9631, 9631, 9631, 
9631, 9631, 9631, 9631, 9631, 9631, 9631, 9631, 
9631, 9631, 9631, 9631, 9631, 9631, 9631, 9631, 
9631, 9631, 9631, 9631, 9631, 9631, 9631, 9631, 
9631, 9631, 9631, 9631, 9631, 9631, 9631, 9631, 
9631, 9631, 9631, 9631, 9631, 9631, 9631, 9631, 
9631, 9631, 9631, 9631, 9631, 9631, 9631, 9631, 
9631, 9631, 9631, 9631, 9631, 9631, 9631, 9631, 
9631, 9631, 9631, 9631, 9631, 9631, 9631, 9631, 
9631, 9631, 9631, 9631, 9631, 9631, 9631, 9631, 
9631, 9631, 9631, 9631, 9631, 9631, 9631, 9631, 
9631, 9631, 9631, 9631, 9631, 9631, 9631, 9631, 
9631, 9631, 9631, 9631, 9631, 9631, 9631, 9631, 
9631, 9631, 9631, 9631, 9631, 9631, 9631, 9631, 
9631, 9631, 9631, 9631, 9631, 9631, 9631, 9631, 
12, 66, 67, 220, 68, 221, 222, 495, 
69, 223, 224, 496, 225, 497, 498, 9623, 
70, 226, 227, 499, 228, 500, 501, 793, 
229, 502, 503, 794, 504, 795, 796, 9624, 
71, 230, 231, 505, 232, 506, 507, 797, 
233, 508, 509, 798, 510, 799, 800, 9623, 
234, 511, 512, 801, 513, 802, 803, 803, 
514, 804, 805, 805, 806, 806, 9625, 9625, 
72, 235, 236, 515, 237, 516, 517, 807, 
238, 518, 519, 808, 520, 809, 810, 9623, 
239, 521, 522, 811, 523, 812, 813, 813, 
524, 814, 815, 815, 816, 816, 816, 9624, 
240, 525, 526, 817, 527, 818, 819, 819, 
528, 820, 821, 821, 822, 822, 822, 9623, 
529, 823, 824, 824, 825, 825, 825, 825, 
826, 826, 826, 826, 9626, 9626, 9626, 9626, 
73, 241, 242, 530, 243, 531, 532, 827, 
244, 533, 534, 828, 535, 829, 830, 9623, 
245, 536, 537, 831, 538, 832, 833, 833, 
539, 834, 835, 835, 836, 836, 836, 9624, 
246, 540, 541, 837, 542, 838, 839, 839, 
543, 840, 841, 841, 842, 842, 842, 9623, 
544, 843, 844, 844, 845, 845, 845, 845, 
846, 846, 846, 846, 846, 846, 9625, 9625, 
247, 545, 546, 847, 547, 848, 849, 849, 
548, 850, 851, 851, 852, 852, 852, 9623, 
549, 853, 854, 854, 855, 855, 855, 855, 
856, 856, 856, 856, 856, 856, 856, 9624, 
550, 857, 858, 858, 859, 859, 859, 859, 
860, 860, 860, 860, 860, 860, 860, 9623, 
861, 861, 861, 861, 861, 861, 861, 861, 
9627, 9627, 9627, 9627, 9627, 9627, 9627, 9627, 
74, 248, 249, 551, 250, 552, 553, 862, 
251, 554, 555, 863, 556, 864, 865, 9623, 
252, 557, 558, 866, 559, 867, 868, 868, 
560, 869, 870, 870, 871, 871, 871, 9624, 
253, 561, 562, 872, 563, 873, 874, 874, 
564, 875, 876, 876, 877, 877, 877, 9623, 
565, 878, 879, 879, 880, 880, 880, 880, 
881, 881, 881, 881, 881, 881, 9625, 9625, 
254, 566, 567, 882, 568, 883, 884, 884, 
569, 885, 886, 886, 887, 887, 887, 9623, 
570, 888, 889, 889, 890, 890, 890, 890, 
891, 891, 891, 891, 891, 891, 891, 9624, 
571, 892, 893, 893, 894, 894, 894, 894, 
895, 895, 895, 895, 895, 895, 895, 9623, 
896, 896, 896, 896, 896, 896, 896, 896, 
896, 896, 896, 896, 9626, 9626, 9626, 9626, 
255, 572, 573, 897, 574, 898, 899, 899, 
575, 900, 901, 901, 902, 902, 902, 9623, 
576, 903, 904, 904, 905, 905, 905, 905, 
906, 906, 906, 906, 906, 906, 906, 9624, 
577, 907, 908, 908, 909, 909, 909, 909, 
910, 910, 910, 910, 910, 910, 910, 9623, 
911, 911, 911, 911, 911, 911, 911, 911, 
911, 911, 911, 911, 911, 911, 9625, 9625, 
578, 912, 913, 913, 914, 914, 914, 914, 
915, 915, 915, 915, 915, 915, 915, 9623, 
916, 916, 916, 916, 916, 916, 916, 916, 
916, 916, 916, 916, 916, 916, 916, 9624, 
917, 917, 917, 917, 917, 917, 917, 917, 
917, 917, 917, 917, 917, 917, 917, 9623, 
9628, 9628, 9628, 9628, 9628, 9628, 9628, 9628, 
9628, 9628, 9628, 9628, 9628, 9628, 9628, 9628, 
75, 256, 257, 579, 258, 580, 581, 918, 
259, 582, 583, 919, 584, 920, 921, 9623, 
260, 585, 586, 922, 587, 923, 924, 924, 
588, 925, 926, 926, 927, 927, 927, 9624, 
261, 589, 590, 928, 591, 929, 930, 930, 
592, 931, 932, 932, 933, 933, 933, 9623, 
593, 934, 935, 935, 936, 936, 936, 936, 
937, 937, 937, 937, 937, 937, 9625, 9625, 
262, 594, 595, 938, 596, 939, 940, 940, 
597, 941, 942, 942, 943, 943, 943, 9623, 
598, 944, 945, 945, 946, 946, 946, 946, 
947, 947, 947, 947, 947, 947, 947, 9624, 
599, 948, 949, 949, 950, 950, 950, 950, 
951, 951, 951, 951, 951, 951, 951, 9623, 
952, 952, 952, 952, 952, 952, 952, 952, 
952, 952, 952, 952, 9626, 9626, 9626, 9626, 
263, 600, 601, 953, 602, 954, 955, 955, 
603, 956, 957, 957, 958, 958, 958, 9623, 
604, 959, 960, 960, 961, 961, 961, 961, 
962, 962, 962, 962, 962, 962, 962, 9624, 
605, 963, 964, 964, 965, 965, 965, 965, 
966, 966, 966, 966, 966, 966, 966, 9623, 
967, 967, 967, 967, 967, 967, 967, 967, 
967, 967, 967, 967, 967, 967, 9625, 9625, 
606, 968, 969, 969, 970, 970, 970, 970, 
971, 971, 971, 971, 971, 971, 971, 9623, 
972, 972, 972, 972, 972, 972, 972, 972, 
972, 972, 972, 972, 972, 972, 972, 9624, 
973, 973, 973, 973, 973, 973, 973, 973, 
973, 973, 973, 973, 973, 973, 973, 9623, 
973, 973, 973, 973, 973, 973, 973, 973, 
9627, 9627, 9627, 9627, 9627, 9627, 9627, 9627, 
264, 607, 608, 974, 609, 975, 976, 976, 
610, 977, 978, 978, 979, 979, 979, 9623, 
611, 980, 981, 981, 982, 982, 982, 982, 
983, 983, 983, 983, 983, 983, 983, 9624, 
612, 984, 985, 985, 986, 986, 986, 986, 
987, 987, 987, 987, 987, 987, 987, 9623, 
988, 988, 988, 988, 988, 988, 988, 988, 
988, 988, 988, 988, 988, 988, 9625, 9625, 
613, 989, 990, 990, 991, 991, 991, 991, 
992, 992, 992, 992, 992, 992, 992, 9623, 
993, 993, 993, 993, 993, 993, 993, 993, 
993, 993, 993, 993, 993, 993, 993, 9624, 
994, 994, 994, 994, 994, 994, 994, 994, 
994, 994, 994, 994, 994, 994, 994, 9623, 
994, 994, 994, 994, 994, 994, 994, 994, 
994, 994, 994, 994, 9626, 9626, 9626, 9626, 
614, 995, 996, 996, 997, 997, 997, 997, 
998, 998, 998, 998, 998, 998, 998, 9623, 
999, 999, 999, 999, 999, 999, 999, 999, 
999, 999, 999, 999, 999, 999, 999, 9624, 
1000, 1000, 1000, 1000, 1000, 1000, 1000, 1000, 
1000, 1000, 1000, 1000, 1000, 1000, 1000, 9623, 
1000, 1000, 1000, 1000, 1000, 1000, 1000, 1000, 
1000, 1000, 1000, 1000, 1000, 1000, 9625, 9625, 
1001, 1001, 1001, 1001, 1001, 1001, 1001, 1001, 
1001, 1001, 1001, 1001, 1001, 1001, 1001, 9623, 
1001, 1001, 1001, 1001, 1001, 1001, 1001, 1001, 
1001, 1001, 1001, 1001, 1001, 1001, 1001, 9624, 
9629, 9629, 9629, 9629, 9629, 9629, 9629, 9629, 
9629, 9629, 9629, 9629, 9629, 9629, 9629, 9629, 
9629, 9629, 9629, 9629, 9629, 9629, 9629, 9629, 
9629, 9629, 9629, 9629, 9629, 9629, 9629, 9629, 
76, 265, 266, 615, 267, 616, 617, 1002, 
268, 618, 619, 1003, 620, 1004, 1005, 9623, 
269, 621, 622, 1006, 623, 1007, 1008, 1008, 
624, 1009, 1010, 1010, 1011, 1011, 1011, 9624, 
270, 625, 626, 1012, 627, 1013, 1014, 1014, 
628, 1015, 1016, 1016, 1017, 1017, 1017, 9623, 
629, 1018, 1019, 1019, 1020, 1020, 1020, 1020, 
1021, 1021, 1021, 1021, 1021, 1021, 9625, 9625, 
271, 630, 631, 1022, 632, 1023, 1024, 1024, 
633, 1025, 1026, 1026, 1027, 1027, 1027, 9623, 
634, 1028, 1029, 1029, 1030, 1030, 1030, 1030, 
1031, 1031, 1031, 1031, 1031, 1031, 1031, 9624, 
635, 1032, 1033, 1033, 1034, 1034, 1034, 1034, 
1035, 1035, 1035, 1035, 1035, 1035, 1035, 9623, 
1036, 1036, 1036, 1036, 1036, 1036, 1036, 1036, 
1036, 1036, 1036, 1036, 9626, 9626, 9626, 9626, 
272, 636, 637, 1037, 638, 1038, 1039, 1039, 
639, 1040, 1041, 1041, 1042, 1042, 1042, 9623, 
640, 1043, 1044, 1044, 1045, 1045, 1045, 1045, 
1046, 1046, 1046, 1046, 1046, 1046, 1046, 9624, 
641, 1047, 1048, 1048, 1049, 1049, 1049, 1049, 
1050, 1050, 1050, 1050, 1050, 1050, 1050, 9623, 
1051, 1051, 1051, 1051, 1051, 1051, 1051, 1051, 
1051, 1051, 1051, 1051, 1051, 1051, 9625, 9625, 
642, 1052, 1053, 1053, 1054, 1054, 1054, 1054, 
1055, 1055, 1055, 1055, 1055, 1055, 1055, 9623, 
1056, 1056, 1056, 1056, 1056, 1056, 1056, 1056, 
1056, 1056, 1056, 1056, 1056, 1056, 1056, 9624, 
1057, 1057, 1057, 1057, 1057, 1057, 1057, 1057, 
1057, 1057, 1057, 1057, 1057, 1057, 1057, 9623, 
1057, 1057, 1057, 1057, 1057, 1057, 1057, 1057, 
9627, 9627, 9627, 9627, 9627, 9627, 9627, 9627, 
273, 643, 644, 1058, 645, 1059, 1060, 1060, 
646, 1061, 1062, 1062, 1063, 1063, 1063, 9623, 
647, 1064, 1065, 1065, 1066, 1066, 1066, 1066, 
1067, 1067, 1067, 1067, 1067, 1067, 1067, 9624, 
648, 1068, 1069, 1069, 1070, 1070, 1070, 1070, 
1071, 1071, 1071, 1071, 1071, 1071, 1071, 9623, 
1072, 1072, 1072, 1072, 1072, 1072, 1072, 1072, 
1072, 1072, 1072, 1072, 1072, 1072, 9625, 9625, 
649, 1073, 1074, 1074, 1075, 1075, 1075, 1075, 
1076, 1076, 1076, 1076, 1076, 1076, 1076, 9623, 
1077, 1077, 1077, 1077, 1077, 1077, 1077, 1077, 
1077, 1077, 1077, 1077, 1077, 1077, 1077, 9624, 
1078, 1078, 1078, 1078, 1078, 1078, 1078, 1078, 
1078, 1078, 1078, 1078, 1078, 1078, 1078, 9623, 
1078, 1078, 1078, 1078, 1078, 1078, 1078, 1078, 
1078, 1078, 1078, 1078, 9626, 9626, 9626, 9626, 
650, 1079, 1080, 1080, 1081, 1081, 1081, 1081, 
1082, 1082, 1082, 1082, 1082, 1082, 1082, 9623, 
1083, 1083, 1083, 1083, 1083, 1083, 1083, 1083, 
1083, 1083, 1083, 1083, 1083, 1083, 1083, 9624, 
1084, 1084, 1084, 1084, 1084, 1084, 1084, 1084, 
1084, 1084, 1084, 1084, 1084, 1084, 1084, 9623, 
1084, 1084, 1084, 1084, 1084, 1084, 1084, 1084, 
1084, 1084, 1084, 1084, 1084, 1084, 9625, 9625, 
1085, 1085, 1085, 1085, 1085, 1085, 1085, 1085, 
1085, 1085, 1085, 1085, 1085, 1085, 1085, 9623, 
1085, 1085, 1085, 1085, 1085, 1085, 1085, 1085, 
1085, 1085, 1085, 1085, 1085, 1085, 1085, 9624, 
1085, 1085, 1085, 1085, 1085, 1085, 1085, 1085, 
1085, 1085, 1085, 1085, 1085, 1085, 1085, 9623, 
9628, 9628, 9628, 9628, 9628, 9628, 9628, 9628, 
9628, 9628, 9628, 9628, 9628, 9628, 9628, 9628, 
274, 651, 652, 1086, 653, 1087, 1088, 1088, 
654, 1089, 1090, 1090, 1091, 1091, 1091, 9623, 
655, 1092, 1093, 1093, 1094, 1094, 1094, 1094, 
1095, 1095, 1095, 1095, 1095, 1095, 1095, 9624, 
656, 1096, 1097, 1097, 1098, 1098, 1098, 1098, 
1099, 1099, 1099, 1099, 1099, 1099, 1099, 9623, 
1100, 1100, 1100, 1100, 1100, 1100, 1100, 1100, 
1100, 1100, 1100, 1100, 1100, 1100, 9625, 9625, 
657, 1101, 1102, 1102, 1103, 1103, 1103, 1103, 
1104, 1104, 1104, 1104, 1104, 1104, 1104, 9623, 
1105, 1105, 1105, 1105, 1105, 1105, 1105, 1105, 
1105, 1105, 1105, 1105, 1105, 1105, 1105, 9624, 
1106, 1106, 1106, 1106, 1106, 1106, 1106, 1106, 
1106, 1106, 1106, 1106, 1106, 1106, 1106, 9623, 
1106, 1106, 1106, 1106, 1106, 1106, 1106, 1106, 
1106, 1106, 1106, 1106, 9626, 9626, 9626, 9626, 
658, 1107, 1108, 1108, 1109, 1109, 1109, 1109, 
1110, 1110, 1110, 1110, 1110, 1110, 1110, 9623, 
1111, 1111, 1111, 1111, 1111, 1111, 1111, 1111, 
1111, 1111, 1111, 1111, 1111, 1111, 1111, 9624, 
1112, 1112, 1112, 1112, 1112, 1112, 1112, 1112, 
1112, 1112, 1112, 1112, 1112, 1112, 1112, 9623, 
1112, 1112, 1112, 1112, 1112, 1112, 1112, 1112, 
1112, 1112, 1112, 1112, 1112, 1112, 9625, 9625, 
1113, 1113, 1113, 1113, 1113, 1113, 1113, 1113, 
1113, 1113, 1113, 1113, 1113, 1113, 1113, 9623, 
1113, 1113, 1113, 1113, 1113, 1113, 1113, 1113, 
1113, 1113, 1113, 1113, 1113, 1113, 1113, 9624, 
1113, 1113, 1113, 1113, 1113, 1113, 1113, 1113, 
1113, 1113, 1113, 1113, 1113, 1113, 1113, 9623, 
1113, 1113, 1113, 1113, 1113, 1113, 1113, 1113, 
9627, 9627, 9627, 9627, 9627, 9627, 9627, 9627, 
659, 1114, 1115, 1115, 1116, 1116, 1116, 1116, 
1117, 1117, 1117, 1117, 1117, 1117, 1117, 9623, 
1118, 1118, 1118, 1118, 1118, 1118, 1118, 1118, 
1118, 1118, 1118, 1118, 1118, 1118, 1118, 9624, 
1119, 1119, 1119, 1119, 1119, 1119, 1119, 1119, 
1119, 1119, 1119, 1119, 1119, 1119, 1119, 9623, 
1119, 1119, 1119, 1119, 1119, 1119, 1119, 1119, 
1119, 1119, 1119, 1119, 1119, 1119, 9625, 9625, 
1120, 1120, 1120, 1120, 1120, 1120, 1120, 1120, 
1120, 1120, 1120, 1120, 1120, 1120, 1120, 9623, 
1120, 1120, 1120, 1120, 1120, 1120, 1120, 1120, 
1120, 1120, 1120, 1120, 1120, 1120, 1120, 9624, 
1120, 1120, 1120, 1120, 1120, 1120, 1120, 1120, 
1120, 1120, 1120, 1120, 1120, 1120, 1120, 9623, 
1120, 1120, 1120, 1120, 1120, 1120, 1120, 1120, 
1120, 1120, 1120, 1120, 9626, 9626, 9626, 9626, 
1121, 1121, 1121, 1121, 1121, 1121, 1121, 1121, 
1121, 1121, 1121, 1121, 1121, 1121, 1121, 9623, 
1121, 1121, 1121, 1121, 1121, 1121, 1121, 1121, 
1121, 1121, 1121, 1121, 1121, 1121, 1121, 9624, 
1121, 1121, 1121, 1121, 1121, 1121, 1121, 1121, 
1121, 1121, 1121, 1121, 1121, 1121, 1121, 9623, 
1121, 1121, 1121, 1121, 1121, 1121, 1121, 1121, 
1121, 1121, 1121, 1121, 1121, 1121, 9625, 9625, 
9630, 9630, 9630, 9630, 9630, 9630, 9630, 9630, 
9630, 9630, 9630, 9630, 9630, 9630, 9630, 9630, 
9630, 9630, 9630, 9630, 9630, 9630, 9630, 9630, 
9630, 9630, 9630, 9630, 9630, 9630, 9630, 9630, 
9630, 9630, 9630, 9630, 9630, 9630, 9630, 9630, 
9630, 9630, 9630, 9630, 9630, 9630, 9630, 9630, 
9630, 9630, 9630, 9630, 9630, 9630, 9630, 9630, 
9630, 9630, 9630, 9630, 9630, 9630, 9630, 9630, 
77, 275, 276, 660, 277, 661, 662, 1122, 
278, 663, 664, 1123, 665, 1124, 1125, 9623, 
279, 666, 667, 1126, 668, 1127, 1128, 1128, 
669, 1129, 1130, 1130, 1131, 1131, 1131, 9624, 
280, 670, 671, 1132, 672, 1133, 1134, 1134, 
673, 1135, 1136, 1136, 1137, 1137, 1137, 9623, 
674, 1138, 1139, 1139, 1140, 1140, 1140, 1140, 
1141, 1141, 1141, 1141, 1141, 1141, 9625, 9625, 
281, 675, 676, 1142, 677, 1143, 1144, 1144, 
678, 1145, 1146, 1146, 1147, 1147, 1147, 9623, 
679, 1148, 1149, 1149, 1150, 1150, 1150, 1150, 
1151, 1151, 1151, 1151, 1151, 1151, 1151, 9624, 
680, 1152, 1153, 1153, 1154, 1154, 1154, 1154, 
1155, 1155, 1155, 1155, 1155, 1155, 1155, 9623, 
1156, 1156, 1156, 1156, 1156, 1156, 1156, 1156, 
1156, 1156, 1156, 1156, 9626, 9626, 9626, 9626, 
282, 681, 682, 1157, 683, 1158, 1159, 1159, 
684, 1160, 1161, 1161, 1162, 1162, 1162, 9623, 
685, 1163, 1164, 1164, 1165, 1165, 1165, 1165, 
1166, 1166, 1166, 1166, 1166, 1166, 1166, 9624, 
686, 1167, 1168, 1168, 1169, 1169, 1169, 1169, 
1170, 1170, 1170, 1170, 1170, 1170, 1170, 9623, 
1171, 1171, 1171, 1171, 1171, 1171, 1171, 1171, 
1171, 1171, 1171, 1171, 1171, 1171, 9625, 9625, 
687, 1172, 1173, 1173, 1174, 1174, 1174, 1174, 
1175, 1175, 1175, 1175, 1175, 1175, 1175, 9623, 
1176, 1176, 1176, 1176, 1176, 1176, 1176, 1176, 
1176, 1176, 1176, 1176, 1176, 1176, 1176, 9624, 
1177, 1177, 1177, 1177, 1177, 1177, 1177, 1177, 
1177, 1177, 1177, 1177, 1177, 1177, 1177, 9623, 
1177, 1177, 1177, 1177, 1177, 1177, 1177, 1177, 
9627, 9627, 9627, 9627, 9627, 9627, 9627, 9627, 
283, 688, 689, 1178, 690, 1179, 1180, 1180, 
691, 1181, 1182, 1182, 1183, 1183, 1183, 9623, 
692, 1184, 1185, 1185, 1186, 1186, 1186, 1186, 
1187, 1187, 1187, 1187, 1187, 1187, 1187, 9624, 
693, 1188, 1189, 1189, 1190, 1190, 1190, 1190, 
1191, 1191, 1191, 1191, 1191, 1191, 1191, 9623, 
1192, 1192, 1192, 1192, 1192, 1192, 1192, 1192, 
1192, 1192, 1192, 1192, 1192, 1192, 9625, 9625, 
694, 1193, 1194, 1194, 1195, 1195, 1195, 1195, 
1196, 1196, 1196, 1196, 1196, 1196, 1196, 9623, 
1197, 1197, 1197, 1197, 1197, 1197, 1197, 1197, 
1197, 1197, 1197, 1197, 1197, 1197, 1197, 9624, 
1198, 1198, 1198, 1198, 1198, 1198, 1198, 1198, 
1198, 1198, 1198, 1198, 1198, 1198, 1198, 9623, 
1198, 1198, 1198, 1198, 1198, 1198, 1198, 1198, 
1198, 1198, 1198, 1198, 9626, 9626, 9626, 9626, 
695, 1199, 1200, 1200, 1201, 1201, 1201, 1201, 
1202, 1202, 1202, 1202, 1202, 1202, 1202, 9623, 
1203, 1203, 1203, 1203, 1203, 1203, 1203, 1203, 
1203, 1203, 1203, 1203, 1203, 1203, 1203, 9624, 
1204, 1204, 1204, 1204, 1204, 1204, 1204, 1204, 
1204, 1204, 1204, 1204, 1204, 1204, 1204, 9623, 
1204, 1204, 1204, 1204, 1204, 1204, 1204, 1204, 
1204, 1204, 1204, 1204, 1204, 1204, 9625, 9625, 
1205, 1205, 1205, 1205, 1205, 1205, 1205, 1205, 
1205, 1205, 1205, 1205, 1205, 1205, 1205, 9623, 
1205, 1205, 1205, 1205, 1205, 1205, 1205, 1205, 
1205, 1205, 1205, 1205, 1205, 1205, 1205, 9624, 
1205, 1205, 1205, 1205, 1205, 1205, 1205, 1205, 
1205, 1205, 1205, 1205, 1205, 1205, 1205, 9623, 
9628, 9628, 9628, 9628, 9628, 9628, 9628, 9628, 
9628, 9628, 9628, 9628, 9628, 9628, 9628, 9628, 
284, 696, 697, 1206, 698, 1207, 1208, 1208, 
699, 1209, 1210, 1210, 1211, 1211, 1211, 9623, 
700, 1212, 1213, 1213, 1214, 1214, 1214, 1214, 
1215, 1215, 1215, 1215, 1215, 1215, 1215, 9624, 
701, 1216, 1217, 1217, 1218, 1218, 1218, 1218, 
1219, 1219, 1219, 1219, 1219, 1219, 1219, 9623, 
1220, 1220, 1220, 1220, 1220, 1220, 1220, 1220, 
1220, 1220, 1220, 1220, 1220, 1220, 9625, 9625, 
702, 1221, 1222, 1222, 1223, 1223, 1223, 1223, 
1224, 1224, 1224, 1224, 1224, 1224, 1224, 9623, 
1225, 1225, 1225, 1225, 1225, 1225, 1225, 1225, 
1225, 1225, 1225, 1225, 1225, 1225, 1225, 9624, 
1226, 1226, 1226, 1226, 1226, 1226, 1226, 1226, 
1226, 1226, 1226, 1226, 1226, 1226, 1226, 9623, 
1226, 1226, 1226, 1226, 1226, 1226, 1226, 1226, 
1226, 1226, 1226, 1226, 9626, 9626, 9626, 9626, 
703, 1227, 1228, 1228, 1229, 1229, 1229, 1229, 
1230, 1230, 1230, 1230, 1230, 1230, 1230, 9623, 
1231, 1231, 1231, 1231, 1231, 1231, 1231, 1231, 
1231, 1231, 1231, 1231, 1231, 1231, 1231, 9624, 
1232, 1232, 1232, 1232, 1232, 1232, 1232, 1232, 
1232, 1232, 1232, 1232, 1232, 1232, 1232, 9623, 
1232, 1232, 1232, 1232, 1232, 1232, 1232, 1232, 
1232, 1232, 1232, 1232, 1232, 1232, 9625, 9625, 
1233, 1233, 1233, 1233, 1233, 1233, 1233, 1233, 
1233, 1233, 1233, 1233, 1233, 1233, 1233, 9623, 
1233, 1233, 1233, 1233, 1233, 1233, 1233, 1233, 
1233, 1233, 1233, 1233, 1233, 1233, 1233, 9624, 
1233, 1233, 1233, 1233, 1233, 1233, 1233, 1233, 
1233, 1233, 1233, 1233, 1233, 1233, 1233, 9623, 
1233, 1233, 1233, 1233, 1233, 1233, 1233, 1233, 
9627, 9627, 9627, 9627, 9627, 9627, 9627, 9627, 
704, 1234, 1235, 1235, 1236, 1236, 1236, 1236, 
1237, 1237, 1237, 1237, 1237, 1237, 1237, 9623, 
1238, 1238, 1238, 1238, 1238, 1238, 1238, 1238, 
1238, 1238, 1238, 1238, 1238, 1238, 1238, 9624, 
1239, 1239, 1239, 1239, 1239, 1239, 1239, 1239, 
1239, 1239, 1239, 1239, 1239, 1239, 1239, 9623, 
1239, 1239, 1239, 1239, 1239, 1239, 1239, 1239, 
1239, 1239, 1239, 1239, 1239, 1239, 9625, 9625, 
1240, 1240, 1240, 1240, 1240, 1240, 1240, 1240, 
1240, 1240, 1240, 1240, 1240, 1240, 1240, 9623, 
1240, 1240, 1240, 1240, 1240, 1240, 1240, 1240, 
1240, 1240, 1240, 1240, 1240, 1240, 1240, 9624, 
1240, 1240, 1240, 1240, 1240, 1240, 1240, 1240, 
1240, 1240, 1240, 1240, 1240, 1240, 1240, 9623, 
1240, 1240, 1240, 1240, 1240, 1240, 1240, 1240, 
1240, 1240, 1240, 1240, 9626, 9626, 9626, 9626, 
1241, 1241, 1241, 1241, 1241, 1241, 1241, 1241, 
1241, 1241, 1241, 1241, 1241, 1241, 1241, 9623, 
1241, 1241, 1241, 1241, 1241, 1241, 1241, 1241, 
1241, 1241, 1241, 1241, 1241, 1241, 1241, 9624, 
1241, 1241, 1241, 1241, 1241, 1241, 1241, 1241, 
1241, 1241, 1241, 1241, 1241, 1241, 1241, 9623, 
1241, 1241, 1241, 1241, 1241, 1241, 1241, 1241, 
1241, 1241, 1241, 1241, 1241, 1241, 9625, 9625, 
1241, 1241, 1241, 1241, 1241, 1241, 1241, 1241, 
1241, 1241, 1241, 1241, 1241, 1241, 1241, 9623, 
1241, 1241, 1241, 1241, 1241, 1241, 1241, 1241, 
1241, 1241, 1241, 1241, 1241, 1241, 1241, 9624, 
9629, 9629, 9629, 9629, 9629, 9629, 9629, 9629, 
9629, 9629, 9629, 9629, 9629, 9629, 9629, 9629, 
9629, 9629, 9629, 9629, 9629, 9629, 9629, 9629, 
9629, 9629, 9629, 9629, 9629, 9629, 9629, 9629, 
285, 705, 706, 1242, 707, 1243, 1244, 1244, 
708, 1245, 1246, 1246, 1247, 1247, 1247, 9623, 
709, 1248, 1249, 1249, 1250, 1250, 1250, 1250, 
1251, 1251, 1251, 1251, 1251, 1251, 1251, 9624, 
710, 1252, 1253, 1253, 1254, 1254, 1254, 1254, 
1255, 1255, 1255, 1255, 1255, 1255, 1255, 9623, 
1256, 1256, 1256, 1256, 1256, 1256, 1256, 1256, 
1256, 1256, 1256, 1256, 1256, 1256, 9625, 9625, 
711, 1257, 1258, 1258, 1259, 1259, 1259, 1259, 
1260, 1260, 1260, 1260, 1260, 1260, 1260, 9623, 
1261, 1261, 1261, 1261, 1261, 1261, 1261, 1261, 
1261, 1261, 1261, 1261, 1261, 1261, 1261, 9624, 
1262, 1262, 1262, 1262, 1262, 1262, 1262, 1262, 
1262, 1262, 1262, 1262, 1262, 1262, 1262, 9623, 
1262, 1262, 1262, 1262, 1262, 1262, 1262, 1262, 
1262, 1262, 1262, 1262, 9626, 9626, 9626, 9626, 
712, 1263, 1264, 1264, 1265, 1265, 1265, 1265, 
1266, 1266, 1266, 1266, 1266, 1266, 1266, 9623, 
1267, 1267, 1267, 1267, 1267, 1267, 1267, 1267, 
1267, 1267, 1267, 1267, 1267, 1267, 1267, 9624, 
1268, 1268, 1268, 1268, 1268, 1268, 1268, 1268, 
1268, 1268, 1268, 1268, 1268, 1268, 1268, 9623, 
1268, 1268, 1268, 1268, 1268, 1268, 1268, 1268, 
1268, 1268, 1268, 1268, 1268, 1268, 9625, 9625, 
1269, 1269, 1269, 1269, 1269, 1269, 1269, 1269, 
1269, 1269, 1269, 1269, 1269, 1269, 1269, 9623, 
1269, 1269, 1269, 1269, 1269, 1269, 1269, 1269, 
1269, 1269, 1269, 1269, 1269, 1269, 1269, 9624, 
1269, 1269, 1269, 1269, 1269, 1269, 1269, 1269, 
1269, 1269, 1269, 1269, 1269, 1269, 1269, 9623, 
1269, 1269, 1269, 1269, 1269, 1269, 1269, 1269, 
9627, 9627, 9627, 9627, 9627, 9627, 9627, 9627, 
713, 1270, 1271, 1271, 1272, 1272, 1272, 1272, 
1273, 1273, 1273, 1273, 1273, 1273, 1273, 9623, 
1274, 1274, 1274, 1274, 1274, 1274, 1274, 1274, 
1274, 1274, 1274, 1274, 1274, 1274, 1274, 9624, 
1275, 1275, 1275, 1275, 1275, 1275, 1275, 1275, 
1275, 1275, 1275, 1275, 1275, 1275, 1275, 9623, 
1275, 1275, 1275, 1275, 1275, 1275, 1275, 1275, 
1275, 1275, 1275, 1275, 1275, 1275, 9625, 9625, 
1276, 1276, 1276, 1276, 1276, 1276, 1276, 1276, 
1276, 1276, 1276, 1276, 1276, 1276, 1276, 9623, 
1276, 1276, 1276, 1276, 1276, 1276, 1276, 1276, 
1276, 1276, 1276, 1276, 1276, 1276, 1276, 9624, 
1276, 1276, 1276, 1276, 1276, 1276, 1276, 1276, 
1276, 1276, 1276, 1276, 1276, 1276, 1276, 9623, 
1276, 1276, 1276, 1276, 1276, 1276, 1276, 1276, 
1276, 1276, 1276, 1276, 9626, 9626, 9626, 9626, 
1277, 1277, 1277, 1277, 1277, 1277, 1277, 1277, 
1277, 1277, 1277, 1277, 1277, 1277, 1277, 9623, 
1277, 1277, 1277, 1277, 1277, 1277, 1277, 1277, 
1277, 1277, 1277, 1277, 1277, 1277, 1277, 9624, 
1277, 1277, 1277, 1277, 1277, 1277, 1277, 1277, 
1277, 1277, 1277, 1277, 1277, 1277, 1277, 9623, 
1277, 1277, 1277, 1277, 1277, 1277, 1277, 1277, 
1277, 1277, 1277, 1277, 1277, 1277, 9625, 9625, 
1277, 1277, 1277, 1277, 1277, 1277, 1277, 1277, 
1277, 1277, 1277, 1277, 1277, 1277, 1277, 9623, 
1277, 1277, 1277, 1277, 1277, 1277, 1277, 1277, 
1277, 1277, 1277, 1277, 1277, 1277, 1277, 9624, 
1277, 1277, 1277, 1277, 1277, 1277, 1277, 1277, 
1277, 1277, 1277, 1277, 1277, 1277, 1277, 9623, 
9628, 9628, 9628, 9628, 9628, 9628, 9628, 9628, 
9628, 9628, 9628, 9628, 9628, 9628, 9628, 9628, 
714, 1278, 1279, 1279, 1280, 1280, 1280, 1280, 
1281, 1281, 1281, 1281, 1281, 1281, 1281, 9623, 
1282, 1282, 1282, 1282, 1282, 1282, 1282, 1282, 
1282, 1282, 1282, 1282, 1282, 1282, 1282, 9624, 
1283, 1283, 1283, 1283, 1283, 1283, 1283, 1283, 
1283, 1283, 1283, 1283, 1283, 1283, 1283, 9623, 
1283, 1283, 1283, 1283, 1283, 1283, 1283, 1283, 
1283, 1283, 1283, 1283, 1283, 1283, 9625, 9625, 
1284, 1284, 1284, 1284, 1284, 1284, 1284, 1284, 
1284, 1284, 1284, 1284, 1284, 1284, 1284, 9623, 
1284, 1284, 1284, 1284, 1284, 1284, 1284, 1284, 
1284, 1284, 1284, 1284, 1284, 1284, 1284, 9624, 
1284, 1284, 1284, 1284, 1284, 1284, 1284, 1284, 
1284, 1284, 1284, 1284, 1284, 1284, 1284, 9623, 
1284, 1284, 1284, 1284, 1284, 1284, 1284, 1284, 
1284, 1284, 1284, 1284, 9626, 9626, 9626, 9626, 
1285, 1285, 1285, 1285, 1285, 1285, 1285, 1285, 
1285, 1285, 1285, 1285, 1285, 1285, 1285, 9623, 
1285, 1285, 1285, 1285, 1285, 1285, 1285, 1285, 
1285, 1285, 1285, 1285, 1285, 1285, 1285, 9624, 
1285, 1285, 1285, 1285, 1285, 1285, 1285, 1285, 
1285, 1285, 1285, 1285, 1285, 1285, 1285, 9623, 
1285, 1285, 1285, 1285, 1285, 1285, 1285, 1285, 
1285, 1285, 1285, 1285, 1285, 1285, 9625, 9625, 
1285, 1285, 1285, 1285, 1285, 1285, 1285, 1285, 
1285, 1285, 1285, 1285, 1285, 1285, 1285, 9623, 
1285, 1285, 1285, 1285, 1285, 1285, 1285, 1285, 
1285, 1285, 1285, 1285, 1285, 1285, 1285, 9624, 
1285, 1285, 1285, 1285, 1285, 1285, 1285, 1285, 
1285, 1285, 1285, 1285, 1285, 1285, 1285, 9623, 
1285, 1285, 1285, 1285, 1285, 1285, 1285, 1285, 
9627, 9627, 9627, 9627, 9627, 9627, 9627, 9627, 
9632, 9632, 9632, 9632, 9632, 9632, 9632, 9632, 
9632, 9632, 9632, 9632, 9632, 9632, 9632, 9632, 
9632, 9632, 9632, 9632, 9632, 9632, 9632, 9632, 
9632, 9632, 9632, 9632, 9632, 9632, 9632, 9632, 
9632, 9632, 9632, 9632, 9632, 9632, 9632, 9632, 
9632, 9632, 9632, 9632, 9632, 9632, 9632, 9632, 
9632, 9632, 9632, 9632, 9632, 9632, 9632, 9632, 
9632, 9632, 9632, 9632, 9632, 9632, 9632, 9632, 
9632, 9632, 9632, 9632, 9632, 9632, 9632, 9632, 
9632, 9632, 9632, 9632, 9632, 9632, 9632, 9632, 
9632, 9632, 9632, 9632, 9632, 9632, 9632, 9632, 
9632, 9632, 9632, 9632, 9632, 9632, 9632, 9632, 
9632, 9632, 9632, 9632, 9632, 9632, 9632, 9632, 
9632, 9632, 9632, 9632, 9632, 9632, 9632, 9632, 
9632, 9632, 9632, 9632, 9632, 9632, 9632, 9632, 
9632, 9632, 9632, 9632, 9632, 9632, 9632, 9632, 
9632, 9632, 9632, 9632, 9632, 9632, 9632, 9632, 
9632, 9632, 9632, 9632, 9632, 9632, 9632, 9632, 
9632, 9632, 9632, 9632, 9632, 9632, 9632, 9632, 
9632, 9632, 9632, 9632, 9632, 9632, 9632, 9632, 
9632, 9632, 9632, 9632, 9632, 9632, 9632, 9632, 
9632, 9632, 9632, 9632, 9632, 9632, 9632, 9632, 
9632, 9632, 9632, 9632, 9632, 9632, 9632, 9632, 
9632, 9632, 9632, 9632, 9632, 9632, 9632, 9632, 
9632, 9632, 9632, 9632, 9632, 9632, 9632, 9632, 
9632, 9632, 9632, 9632, 9632, 9632, 9632, 9632, 
9632, 9632, 9632, 9632, 9632, 9632, 9632, 9632, 
9632, 9632, 9632, 9632, 9632, 9632, 9632, 9632, 
9632, 9632, 9632, 9632, 9632, 9632, 9632, 9632, 
9632, 9632, 9632, 9632, 9632, 9632, 9632, 9632, 
9632, 9632, 9632, 9632, 9632, 9632, 9632, 9632, 
9632, 9632, 9632, 9632, 9632, 9632, 9632, 9632
